2162
2163
2164
2165
2166
2167
2168
2169
2170
2171
2172
2173
2174
2175
2176
2177
2178
2179
2180
2181
2182
2183
2184
2185
2186
2187
2188
2189
2190
2191
21002
21003
21012
21070
21076
21084
21092
21104
35595
4079446
4079571
4079582
4079619
4079655
4139441
4139442
4139451
4139456
4139473
4139483
4139484
4139487
4139509
4139515
4139516
4139517
4139523
4139531
4139542
4139543
4139547
4139558
4139567
4154032
4154033
4154052
4154053
4154168
4154169
4154180
4154181
4154196
4154197
4154212
4154213
4154236
4154237
8197921
8197924
8197927
8198052
8198094
8198104
8257881
8257891
8257894
8257895
8257912
8257914
8257922
8257923
8257924
8257926
8257951
8257955
8257956
8257959
8257971
8257981
8257986
8257996
8257997
8258005
8258006
8258011
8272501
8272502
8272535
8272536
8272555
8272556
8272557
8272558
8272563
8272564
8272621
8272622
8272623
8272624
8272673
8272674
8272683
8272684
8272705
8272706
8272723
8272724
12316264
12316271
12316333
12316338
12316390
12316459
12316465
12316471
12316519
12376320
12376330
12376333
12376353
12376363
12376390
12376398
12376410
12376435
12376444
12376450
12390932
12390933
12390938
12390939
12390978
12390979
12390998
12390999
12391052
12391053
12391068
12391069
12391092
12391093
12391142
12391143
12391160
12391161
12391172
12391173
16434713
16434807
16434817
16434839
16434866
16434876
16434895
16434947
16434966
16473925
16507568
16507569
16507570
16507571
16507572
16507573
16507574
16507575
16507576
16507577
16507578
16507579
16507580
16507581
16507582
16507583
16507584
16507585
16507586
16507587
16507588
16507589
16507590
16507591
16507592
16507593
16507594
16507595
16507596
16507597
